930,0	0,0
930,172	0,0
930,345	0,0
930,5169999999999	0,0
930,6899999999999	0,0
930,862	0,0
931,0340000000001	0,0
931,207	0,0
931,379	0,0
931,5519999999999	0,0
931,724	0,0
931,897	0,0
932,0690000000001	0,0
932,241	0,0
932,414	0,0
932,586	0,0
932,759	0,0
932,931	0,0
933,103	0,0
933,276	0,0
933,448	0,0
933,621	0,0
933,793	0,0
933,966	0,0
934,1379999999999	0,0
934,31	0,0
934,483	0,0
934,655	0,0
934,828	0,0
935,0	0,0
935,172	0,0
935,345	0,0
935,517	0,0
935,69	0,0
935,862	0,0
936,034	0,0
936,207	0,0
936,379	0,0
936,552	0,0
936,724	0,0
936,897	0,0
937,069	0,0
937,241	0,0
937,414	0,0
937,586	0,0
937,759	0,0
937,9309999999999	0,0
938,1030000000001	0,0
938,276	0,0
938,4480000000001	0,0
938,6210000000001	0,0
938,793	0,0
938,966	0,0
939,138	0,0
939,3100000000001	0,0
939,4830000000001	0,0
939,655	0,0
939,828	0,0
940,0	0,0
940,172	0,0
940,345	0,0
940,5169999999999	0,0
940,6899999999999	0,0
940,862	0,0
941,034	0,0
941,207	0,0
941,3789999999999	0,0
941,5519999999999	0,0
941,724	0,0
941,8969999999999	0,0
942,0690000000001	0,0
942,241	0,0
942,414	0,0
942,586	0,0
942,759	0,0
942,931	0,0
943,103	0,0
943,276	0,0
943,448	0,0
943,621	0,0
943,793	0,0
943,966	0,0
944,138	0,0
944,31	0,0
944,483	0,0
944,655	0,0
944,828	0,0
945,0	0,0
945,172	0,0
945,345	0,0
945,517	0,0
945,69	0,0
945,8620000000001	0,0
946,034	0,0
946,207	0,0
946,379	0,0
946,552	0,0
946,724	0,0
946,897	0,0
947,069	0,0
947,241	0,0
947,414	0,0
947,586	0,0
947,759	0,0
947,9309999999999	0,0
948,103	0,0
948,276	0,0
948,4480000000001	0,0
948,621	0,0
948,793	0,0
948,9659999999999	0,0
949,138	0,0
949,3100000000001	0,0
949,4830000000001	0,0
949,655	0,0
949,828	0,0
950,0	0,0
950,172	0,0
950,345	0,0
950,5169999999999	0,0
950,69	0,0
950,862	0,0
951,034	0,0
951,207	0,0
951,3789999999999	0,0
951,552	0,0
951,7239999999999	0,0
951,8969999999999	0,0
952,069	0,0
952,241	0,0
952,4140000000001	0,0
952,586	0,0
952,759	0,0
952,931	0,0
953,103	0,0
953,2760000000001	0,0
953,448	0,0
953,621	0,0
953,7930000000001	0,0
953,966	0,0
954,1380000000001	0,0
954,31	0,0
954,4830000000001	0,0
954,655	0,0
954,8280000000001	0,0
955,0	0,0
955,172	0,0
955,3449999999999	0,0
955,517	0,0
955,6899999999999	0,0
955,8620000000001	0,0
956,0339999999999	0,0
956,207	0,0
956,3789999999999	0,0
956,552	0,0
956,7239999999999	0,0
956,897	0,0
957,0689999999998	0,0
957,241	0,0
957,4140000000001	0,0
957,586	0,0
957,7590000000001	0,0
957,9309999999999	0,0
958,1030000000001	0,0
958,276	0,0
958,4480000000001	0,0
958,621	0,0
958,793	0,0
958,966	0,0
959,138	0,0
959,31	0,0
959,4830000000001	0,0
959,655	0,0
959,8280000000001	0,0
959,9999999999999	0,0
960,172	0,0
960,3449999999999	0,0
960,517	0,0
960,6899999999999	0,0
960,862	0,0
961,0340000000001	0,0
961,207	0,0
961,379	0,0
961,552	0,0
961,724	0,0
961,8969999999999	0,0
962,0690000000001	0,0
962,241	0,0
962,4140000000001	0,0
962,5859999999999	0,0
962,759	0,0
962,9309999999999	0,0
963,1030000000001	0,0
963,276	0,0
963,448	0,0
963,6209999999999	0,0
963,793	0,0
963,9659999999999	0,0
964,138	0,0
964,3100000000001	0,0
964,483	0,0
964,6550000000001	0,0
964,828	0,0
965,0000000000001	0,0
965,1719999999999	0,0
965,345	0,0
965,5169999999999	0,0
965,69	0,0
965,862	0,0
966,034	0,0
966,207	0,0
966,379	0,0
966,5519999999999	0,0
966,724	0,0
966,8969999999999	0,0
967,069	0,0
967,2410000000001	0,0
967,414	0,0
967,5860000000001	0,0
967,759	0,0
967,931	0,0
968,103	0,0
968,2760000000001	0,0
968,448	0,0
968,6210000000001	0,0
968,793	0,0
968,9660000000001	0,0
969,1379999999999	0,0
969,3100000000001	0,0
969,483	0,0
969,6550000000001	0,0
969,828	0,0
970,0	0,0
970,1719999999999	0,0
970,345	0,0
970,5169999999999	0,0
970,69	0,0
970,8619999999999	0,0
971,034	0,0
971,2070000000001	0,0
971,379	0,0
971,5520000000001	0,0
971,7239999999999	0,0
971,897	0,0
972,069	0,0
972,2410000000001	0,0
972,414	0,0
972,586	0,0
972,7589999999999	0,0
972,931	0,0
973,103	0,0
973,2760000000001	0,0
973,4479999999999	0,0
973,621	0,0
973,7929999999999	0,0
973,966	0,0
974,1379999999999	0,0
974,31	0,0
974,483	0,0
974,655	0,0
974,8280000000001	0,0
975,0	0,0
975,172	0,0
975,345	0,0
975,517	0,0
975,6899999999999	0,0
975,8620000000001	0,0
976,034	0,0
976,2070000000001	0,0
976,3789999999999	0,0
976,552	0,0
976,7239999999999	0,0
976,897	0,0
977,069	0,0
977,241	0,0
977,4139999999999	0,0
977,586	0,0
977,7589999999999	0,0
977,931	0,0
978,1030000000001	0,0
978,276	0,0
978,4480000000001	0,0
978,621	0,0
978,7930000000001	0,0
978,966	0,0
979,138	0,0
979,31	0,0
979,4830000000001	0,0
979,655	0,0
979,8280000000001	0,0
979,9999999999999	0,0
980,172	0,0
980,3449999999999	0,0
980,517	0,0
980,6899999999999	0,0
980,862	0,0
981,0340000000001	0,0
981,207	0,0
981,3790000000001	0,0
981,552	0,0
981,724	0,0
981,897	0,0
982,0690000000001	0,0
982,241	0,0
982,4140000000001	0,0
982,5859999999999	0,0
982,7590000000001	0,0
982,9309999999999	0,0
983,1030000000001	0,0
983,276	0,0
983,448	0,0
983,621	0,0
983,793	0,0
983,9659999999999	0,0
984,138	0,0
984,31	0,0
984,4830000000001	0,0
984,6550000000001	0,0
984,828	0,0
985,0000000000001	0,0
985,172	0,0
985,3450000000001	0,0
985,5169999999999	0,0
985,69	0,0
985,862	0,0
986,0340000000001	0,0
986,207	0,0
986,379	0,0
986,5519999999999	0,0
986,724	0,0
986,8969999999999	0,0
987,0690000000001	0,0
987,2409999999999	0,0
987,414	0,0
987,5859999999999	0,0
987,759	0,0
987,9309999999999	0,0
988,103	0,0
988,2759999999998	0,0
988,448	0,0
988,6210000000001	0,0
988,793	0,0
988,9660000000001	0,0
989,1379999999999	0,0
989,3100000000001	0,0
989,483	0,0
989,6550000000001	0,0
989,828	0,0
990,0	0,0
990,1719999999999	0,0
990,345	0,0
990,5169999999999	0,0
990,69	0,0
990,862	0,0
991,034	0,0
991,2069999999999	0,0
991,379	0,0
991,5519999999999	0,0
991,724	0,0
991,8969999999999	0,0
992,069	0,0
992,2410000000001	0,0
992,414	0,0
992,5860000000001	0,0
992,759	0,0
992,931	0,0
993,103	0,0
993,2760000000001	0,0
993,448	0,0
993,6210000000001	0,0
993,7929999999999	0,0
993,966	0,0
994,1379999999999	0,0
994,3100000000001	0,0
994,483	0,0
994,655	0,0
994,8279999999999	0,0
995,0	0,0
995,1720000000001	0,0
995,345	0,0
995,517	0,0
995,6899999999999	0,0
995,8620000000001	0,0
996,034	0,0
996,2070000000001	0,0
996,3789999999999	0,0
996,552	0,0
996,7239999999999	0,0
996,897	0,0
997,069	0,0
997,241	0,0
997,414	0,0
997,586	0,0
997,7589999999999	0,0
997,931	0,0
998,1029999999998	0,0
998,2760000000001	0,0
998,4480000000001	0,0
998,621	0,0
998,7930000000001	0,0
998,966	0,0
999,138	0,0
999,31	0,0
999,4830000000001	0,0
999,655	0,0
999,8280000000001	0,0
1000,0	0,0
1000,17	0,0
1000,34	0,0
1000,5199999999999	0,0
1000,6899999999999	0,0
1000,86	0,0
1001,03	0,0
1001,2099999999999	0,0
1001,3799999999999	0,0
1001,55	0,0
1001,72	0,0
1001,9000000000001	0,0
1002,0699999999999	0,0
1002,24	0,0
1002,41	0,0
1002,59	0,0
1002,7599999999999	0,0
1002,93	0,0
1003,1	0,0
1003,2800000000001	0,0
1003,4499999999999	0,0
1003,6199999999999	0,0
1003,79	0,0
1003,97	0,0
1004,1400000000001	0,0
1004,31	0,0
1004,4799999999999	0,0
1004,6600000000001	0,0
1004,83	0,0
1004,9999999999999	0,0
1005,17	0,0
1005,3399999999999	0,0
1005,5200000000001	0,0
1005,6899999999999	0,0
1005,8599999999999	0,0
1006,03	0,0
1006,21	0,0
1006,3800000000001	0,0
1006,55	0,0
1006,7199999999999	0,0
1006,9000000000001	0,0
1007,07	0,0
1007,2399999999999	0,0
1007,41	0,0
1007,59	0,0
1007,7600000000001	0,0
1007,9300000000001	0,0
1008,0999999999999	0,0
1008,28	0,0
1008,45	0,0
1008,6200000000001	0,0
1008,79	0,0
1008,97	0,0
1009,1400000000001	0,0
1009,3100000000001	0,0
1009,4799999999999	0,0
1009,66	0,0
1009,83	0,0
1010,0000000000001	0,0
1010,1700000000001	0,0
1010,3399999999999	0,0
1010,52	0,0
1010,69	0,0
1010,8600000000001	0,0
1011,0299999999999	0,0
1011,21	0,0
1011,38	0,0
1011,5500000000001	0,0
1011,7199999999999	0,0
1011,9	0,0
1012,07	0,0
1012,2400000000001	0,0
1012,4100000000001	0,0
1012,59	0,0
1012,76	0,0
1012,9300000000001	0,0
1013,1000000000001	0,0
1013,28	0,0
1013,45	0,0
1013,62	0,0
1013,7900000000001	0,0
1013,9699999999999	0,0
1014,14	0,0
1014,3100000000001	0,0
1014,48	0,0
1014,66	0,0
1014,83	0,0
1015,0	0,0
1015,1700000000001	0,0
1015,3400000000001	0,0
1015,52	0,0
1015,69	0,0
1015,86	0,0
1016,0300000000001	0,0
1016,2099999999999	0,0
1016,38	0,0
1016,5500000000001	0,0
1016,72	0,0
1016,9	0,0
1017,0699999999999	0,0
1017,24	0,0
1017,4100000000001	0,0
1017,5899999999999	0,0
1017,76	0,0
1017,9300000000001	0,0
1018,1	0,0
1018,28	0,0
1018,4499999999999	0,0
1018,62	0,0
1018,7900000000001	0,0
1018,9699999999999	0,0
1019,14	0,0
1019,31	0,0
1019,48	0,0
1019,6599999999999	0,0
1019,8299999999999	0,0
1020,0	0,0
1020,17	0,0
1020,34	0,0
1020,52	0,0
1020,6899999999999	0,0
1020,86	0,0
1021,0300000000001	0,0
1021,2099999999999	0,0
1021,38	0,0
1021,55	0,0
1021,72	0,0
1021,8999999999999	0,0
1022,0699999999999	0,0
1022,24	0,0
1022,41	0,0
1022,5899999999999	0,0
1022,7599999999999	0,0
1022,93	0,0
1023,1	0,0
1023,2800000000001	0,0
1023,4499999999999	0,0
1023,62	0,0
1023,79	0,0
1023,97	0,0
1024,1399999999999	0,0
1024,31	0,0
1024,48	0,0
1024,66	0,0
1024,8300000000002	0,0
1025,0	0,0
1025,17	0,0
1025,34	0,0
1025,52	0,0
1025,6899999999998	0,0
1025,86	0,0
1026,03	0,0
1026,21	0,0
1026,3799999999999	0,0
1026,55	0,0
1026,72	0,0
1026,9	0,0
1027,0700000000002	0,0
1027,24	0,0
1027,4099999999999	0,0
1027,5900000000001	0,0
1027,76	0,0
1027,9299999999998	0,0
1028,1	0,0
1028,28	0,0
1028,45	0,0
1028,62	0,0
1028,79	0,0
1028,97	0,0
1029,14	0,0
1029,3100000000002	0,0
1029,48	0,0
1029,66	0,0
1029,8300000000002	0,0
1030,0	0,0
1420,0	1,726e-27
1420,34	1,823e-27
1420,69	1,859e-27
1421,03	1,895e-27
1421,3799999999999	1,932e-27
1421,72	1,99e-27
1422,07	1,985e-27
1422,41	2,045e-27
1422,76	2,106e-27
1423,1	2,123e-27
1423,4499999999998	2,163e-27
1423,79	2,225e-27
1424,14	2,289e-27
1424,48	2,308e-27
1424,8300000000002	2,396e-27
1425,1699999999998	2,462e-27
1425,52	2,506e-27
1425,86	2,55e-27
1426,21	2,594e-27
1426,55	2,663e-27
1426,9	2,71e-27
1427,24	2,805e-27
1427,5900000000001	2,803e-27
1427,9299999999998	2,851e-27
1428,28	2,974e-27
1428,6200000000001	3,023e-27
1428,97	3,074e-27
1429,3100000000002	3,124e-27
1429,66	3,201e-27
1430,0	3,253e-27
1430,34	3,332e-27
1430,69	3,412e-27
1431,03	3,466e-27
1431,38	3,521e-27
1431,7199999999998	3,658e-27
1432,07	3,688e-27
1432,41	3,8e-27
1432,76	3,887e-27
1433,1000000000001	3,974e-27
1433,45	4,063e-27
1433,7900000000002	4,124e-27
1434,14	4,215e-27
1434,48	4,364e-27
1434,83	4,429e-27
1435,17	4,523e-27
1435,52	4,619e-27
1435,8600000000001	4,746e-27
1436,21	4,875e-27
1436,55	4,974e-27
1436,8999999999999	5,076e-27
1437,24	5,178e-27
1437,59	5,313e-27
1437,93	5,418e-27
1438,28	5,525e-27
1438,62	5,633e-27
1438,97	5,807e-27
1439,31	5,95e-27
1439,6599999999999	6,031e-27
1440,0	6,177e-27
1440,3400000000001	6,325e-27
1440,69	6,477e-27
1441,03	6,663e-27
1441,3799999999999	6,785e-27
1441,72	7,043e-27
1442,07	7,17e-27
1442,41	7,365e-27
1442,76	7,565e-27
1443,1	7,624e-27
1443,4499999999998	7,9e-27
1443,79	8,033e-27
1444,1399999999999	8,207e-27
1444,48	8,381e-27
1444,83	8,595e-27
1445,17	8,774e-27
1445,52	8,994e-27
1445,86	9,215e-27
1446,21	9,441e-27
1446,55	9,668e-27
1446,9	9,861e-27
1447,24	1,002e-26
1447,5900000000001	1,025e-26
1447,9299999999998	1,041e-26
1448,28	1,066e-26
1448,62	1,098e-26
1448,97	1,127e-26
1449,3100000000002	1,148e-26
1449,66	1,174e-26
1450,0	1,208e-26
1450,34	1,225e-26
1450,69	1,256e-26
1451,03	1,287e-26
1451,38	1,319e-26
1451,72	1,338e-26
1452,0700000000002	1,379e-26
1452,4099999999999	1,407e-26
1452,76	1,44e-26
1453,1	1,473e-26
1453,45	1,508e-26
1453,7900000000002	1,537e-26
1454,14	1,572e-26
1454,48	1,612e-26
1454,83	1,648e-26
1455,17	1,679e-26
1455,52	1,725e-26
1455,8600000000001	1,762e-26
1456,21	1,8e-26
1456,55	1,848e-26
1456,8999999999999	1,882e-26
1457,24	1,935e-26
1457,59	1,97e-26
1457,93	2,015e-26
1458,28	2,066e-26
1458,6200000000001	2,107e-26
1458,97	2,154e-26
1459,31	2,202e-26
1459,6599999999999	2,25e-26
1460,0	2,304e-26
1460,3400000000001	2,342e-26
1460,69	2,387e-26
1461,03	2,448e-26
1461,3799999999999	2,499e-26
1461,72	2,551e-26
1462,07	2,614e-26
1462,41	2,667e-26
1462,76	2,721e-26
1463,1	2,787e-26
1463,45	2,842e-26
1463,79	2,898e-26
1464,1399999999999	2,955e-26
1464,48	3,012e-26
1464,83	3,082e-26
1465,17	3,135e-26
1465,52	3,2e-26
1465,86	3,26e-26
1466,21	3,328e-26
1466,55	3,395e-26
1466,9	3,452e-26
1467,24	3,533e-26
1467,5900000000001	3,592e-26
1467,9299999999998	3,668e-26
1468,28	3,735e-26
1468,62	3,807e-26
1468,97	3,881e-26
1469,31	3,949e-26
1469,66	4,031e-26
1470,0	4,101e-26
1470,34	4,171e-26
1470,69	4,25e-26
1471,03	4,315e-26
1471,38	4,389e-26
1471,72	4,476e-26
1472,0700000000002	4,559e-26
1472,4099999999999	4,634e-26
1472,76	4,712e-26
1473,1	4,796e-26
1473,45	4,875e-26
1473,79	4,933e-26
1474,14	5,028e-26
1474,4799999999998	5,102e-26
1474,83	5,192e-26
1475,17	5,268e-26
1475,52	5,353e-26
1475,8600000000001	5,43e-26
1476,21	5,516e-26
1476,5500000000002	5,595e-26
1476,9	5,684e-26
1477,24	5,772e-26
1477,59	5,855e-26
1477,93	5,946e-26
1478,28	6,023e-26
1478,6200000000001	6,115e-26
1478,97	6,202e-26
1479,31	6,296e-26
1479,6599999999999	6,385e-26
1480,0	6,473e-26
1480,3400000000001	6,562e-26
1480,69	6,637e-26
1481,03	6,737e-26
1481,3799999999999	6,822e-26
1481,72	6,915e-26
1482,07	7,002e-26
1482,41	7,105e-26
1482,76	7,194e-26
1483,1000000000001	7,291e-26
1483,45	7,382e-26
1483,79	7,472e-26
1484,1399999999999	7,573e-26
1484,48	7,656e-26
1484,83	7,76e-26
1485,17	7,854e-26
1485,52	7,95e-26
1485,86	8,046e-26
1486,2099999999998	8,135e-26
1486,55	8,242e-26
1486,8999999999999	8,334e-26
1487,24	8,424e-26
1487,5900000000001	8,526e-26
1487,93	8,618e-26
1488,2800000000002	8,723e-26
1488,62	8,826e-26
1488,97	8,923e-26
1489,31	9,028e-26
1489,66	9,117e-26
1490,0	9,214e-26
1490,34	9,303e-26
1490,6899999999998	9,414e-26
1491,03	9,525e-26
1491,3799999999999	9,628e-26
1491,72	9,72e-26
1492,0700000000002	9,825e-26
1492,4099999999999	9,919e-26
1492,76	1,002e-25
1493,1	1,013e-25
1493,45	1,023e-25
1493,79	1,032e-25
1494,14	1,044e-25
1494,48	1,054e-25
1494,8300000000002	1,063e-25
1495,1699999999998	1,073e-25
1495,52	1,085e-25
1495,86	1,096e-25
1496,21	1,106e-25
1496,5500000000002	1,117e-25
1496,9	1,127e-25
1497,24	1,138e-25
1497,59	1,149e-25
1497,93	1,16e-25
1498,28	1,171e-25
1498,6200000000001	1,184e-25
1498,97	1,194e-25
1499,31	1,207e-25
1499,66	1,218e-25
1500,0	1,232e-25
1500,34	1,241e-25
1500,69	1,254e-25
1501,0300000000002	1,266e-25
1501,38	1,278e-25
1501,72	1,292e-25
1502,07	1,305e-25
1502,41	1,317e-25
1502,76	1,332e-25
1503,1000000000001	1,347e-25
1503,45	1,358e-25
1503,79	1,373e-25
1504,1399999999999	1,386e-25
1504,48	1,401e-25
1504,83	1,417e-25
1505,17	1,431e-25
1505,52	1,447e-25
1505,86	1,462e-25
1506,21	1,477e-25
1506,55	1,495e-25
1506,8999999999999	1,51e-25
1507,24	1,53e-25
1507,59	1,546e-25
1507,93	1,566e-25
1508,28	1,583e-25
1508,62	1,601e-25
1508,97	1,62e-25
1509,31	1,641e-25
1509,66	1,661e-25
1510,0	1,683e-25
1510,34	1,703e-25
1510,6899999999998	1,725e-25
1511,03	1,749e-25
1511,3799999999999	1,773e-25
1511,72	1,796e-25
1512,07	1,819e-25
1512,41	1,845e-25
1512,76	1,869e-25
1513,1	1,897e-25
1513,45	1,924e-25
1513,79	1,948e-25
1514,14	1,977e-25
1514,48	2,005e-25
1514,8300000000002	2,039e-25
1515,1699999999998	2,069e-25
1515,52	2,103e-25
1515,86	2,132e-25
1516,21	2,17e-25
1516,55	2,202e-25
1516,9	2,236e-25
1517,24	2,278e-25
1517,59	2,313e-25
1517,93	2,359e-25
1518,28	2,398e-25
1518,6200000000001	2,448e-25
1518,97	2,492e-25
1519,3100000000002	2,547e-25
1519,66	2,6e-25
1520,0	2,66e-25
1520,34	2,714e-25
1520,69	2,78e-25
1521,03	2,84e-25
1521,38	2,892e-25
1521,72	2,96e-25
1522,07	3,027e-25
1522,41	3,112e-25
1522,76	3,191e-25
1523,1000000000001	3,283e-25
1523,45	3,364e-25
1523,79	3,443e-25
1524,14	3,545e-25
1524,48	3,63e-25
1524,83	3,73e-25
1525,17	3,813e-25
1525,52	3,907e-25
1525,8600000000001	3,994e-25
1526,21	4,082e-25
1526,55	4,156e-25
1526,8999999999999	4,226e-25
1527,24	4,293e-25
1527,59	4,364e-25
1527,93	4,439e-25
1528,28	4,492e-25
1528,62	4,55e-25
1528,9699999999998	4,599e-25
1529,31	4,634e-25
1529,6599999999999	4,674e-25
1530,0	4,712e-25
1530,34	4,747e-25
1530,69	4,762e-25
1531,03	4,767e-25
1531,3799999999999	4,772e-25
1531,72	4,762e-25
1532,07	4,74e-25
1532,41	4,712e-25
1532,76	4,684e-25
1533,1	4,624e-25
1533,4499999999998	4,58e-25
1533,79	4,523e-25
1534,14	4,439e-25
1534,48	4,365e-25
1534,8300000000002	4,262e-25
1535,1699999999998	4,188e-25
1535,52	4,084e-25
1535,86	4,01e-25
1536,21	3,943e-25
1536,55	3,885e-25
1536,9	3,827e-25
1537,24	3,753e-25
1537,5900000000001	3,701e-25
1537,9299999999998	3,647e-25
1538,28	3,615e-25
1538,6200000000001	3,573e-25
1538,97	3,554e-25
1539,3100000000002	3,522e-25
1539,66	3,513e-25
1540,0	3,491e-25
1540,34	3,486e-25
1540,69	3,485e-25
1541,03	3,477e-25
1541,38	3,478e-25
1541,7199999999998	3,469e-25
1542,07	3,476e-25
1542,4099999999999	3,44e-25
1542,76	3,476e-25
1543,1000000000001	3,47e-25
1543,45	3,476e-25
1543,7900000000002	3,475e-25
1544,14	3,465e-25
1544,48	3,467e-25
1544,83	3,46e-25
1545,17	3,455e-25
1545,52	3,445e-25
1545,8600000000001	3,442e-25
1546,21	3,434e-25
1546,55	3,425e-25
1546,8999999999999	3,423e-25
1547,24	3,407e-25
1547,59	3,4e-25
1547,93	3,383e-25
1548,28	3,377e-25
1548,6200000000001	3,362e-25
1548,97	3,362e-25
1549,31	3,34e-25
1549,6599999999999	3,332e-25
1550,0	3,32e-25
1550,3400000000001	3,307e-25
1550,69	3,302e-25
1551,03	3,289e-25
1551,3799999999999	3,283e-25
1551,72	3,266e-25
1552,07	3,259e-25
1552,41	3,241e-25
1552,76	3,238e-25
1553,1	3,219e-25
1553,4499999999998	3,211e-25
1553,79	3,207e-25
1554,1399999999999	3,191e-25
1554,48	3,186e-25
1554,83	3,169e-25
1555,17	3,16e-25
1555,5200000000002	3,143e-25
1555,86	3,136e-25
1556,21	3,119e-25
1556,55	3,112e-25
1556,9	3,105e-25
1557,24	3,086e-25
1557,5900000000001	3,071e-25
1557,9299999999998	3,055e-25
1558,28	3,039e-25
1558,62	3,018e-25
1558,97	3,001e-25
1559,31	2,975e-25
1559,66	2,953e-25
1560,0	2,922e-25
1560,34	2,902e-25
1560,69	2,884e-25
1561,03	2,851e-25
1561,38	2,822e-25
1561,72	2,788e-25
1562,0700000000002	2,758e-25
1562,4099999999999	2,719e-25
1562,76	2,692e-25
1563,1	2,647e-25
1563,45	2,624e-25
1563,79	2,596e-25
1564,14	2,553e-25
1564,48	2,524e-25
1564,83	2,485e-25
1565,17	2,454e-25
1565,52	2,409e-25
1565,8600000000001	2,382e-25
1566,21	2,34e-25
1566,55	2,307e-25
1566,9	2,279e-25
1567,24	2,24e-25
1567,59	2,211e-25
1567,93	2,171e-25
1568,28	2,141e-25
1568,6200000000001	2,094e-25
1568,97	2,073e-25
1569,31	2,035e-25
1569,6599999999999	2,003e-25
1570,0	1,964e-25
1570,3400000000001	1,941e-25
1570,69	1,912e-25
1571,03	1,882e-25
1571,3799999999999	1,858e-25
1571,72	1,821e-25
1572,07	1,791e-25
1572,41	1,759e-25
1572,76	1,744e-25
1573,1000000000001	1,705e-25
1573,45	1,684e-25
1573,79	1,661e-25
1574,1399999999999	1,639e-25
1574,48	1,616e-25
1574,83	1,581e-25
1575,17	1,563e-25
1575,52	1,544e-25
1575,86	1,52e-25
1576,2099999999998	1,495e-25
1576,55	1,481e-25
1576,9	1,467e-25
1577,24	1,447e-25
1577,5900000000001	1,433e-25
1577,9299999999998	1,412e-25
1578,28	1,397e-25
1578,62	1,382e-25
1578,97	1,372e-25
1579,31	1,357e-25
1579,66	1,341e-25
1580,0	1,324e-25
1580,34	1,314e-25
1580,6899999999998	1,304e-25
1581,03	1,299e-25
1581,38	1,276e-25
1581,72	1,271e-25
1582,0700000000002	1,266e-25
1582,4099999999999	1,248e-25
1582,76	1,237e-25
1583,1	1,231e-25
1583,45	1,22e-25
1583,79	1,214e-25
1584,14	1,208e-25
1584,48	1,203e-25
1584,83	1,19e-25
1585,17	1,191e-25
1585,52	1,192e-25
1585,8600000000001	1,185e-25
1586,21	1,172e-25
1586,5500000000002	1,165e-25
1586,9	1,159e-25
1587,24	1,152e-25
1587,59	1,145e-25
1587,93	1,138e-25
1588,28	1,138e-25
1588,6200000000001	1,13e-25
1588,97	1,123e-25
1589,31	1,115e-25
1589,6599999999999	1,107e-25
1590,0	1,107e-25
1590,3400000000001	1,099e-25
1590,69	1,098e-25
1591,03	1,098e-25
1591,38	1,089e-25
1591,72	1,081e-25
1592,07	1,08e-25
1592,41	1,071e-25
1592,76	1,07e-25
1593,1000000000001	1,061e-25
1593,45	1,059e-25
1593,79	1,05e-25
1594,1399999999999	1,049e-25
1594,48	1,047e-25
1594,83	1,037e-25
1595,17	1,036e-25
1595,52	1,025e-25
1595,86	1,024e-25
1596,2099999999998	1,03e-25
1596,55	1,02e-25
1596,8999999999999	1,018e-25
1597,24	1,015e-25
1597,59	1,013e-25
1597,93	1,011e-25
1598,2800000000002	1,009e-25
1598,62	9,972e-26
1598,97	1,004e-25
1599,31	1,001e-25
1599,66	9,894e-26
1600,0	9,865e-26
1600,34	9,743e-26
1600,6899999999998	9,807e-26
1601,03	9,776e-26
1601,3799999999999	9,745e-26
1601,72	9,712e-26
1602,0700000000002	9,68e-26
1602,4099999999999	9,549e-26
1602,76	9,612e-26
1603,1	9,673e-26
1603,45	9,638e-26
1603,79	9,502e-26
1604,14	9,464e-26
1604,48	9,625e-26
1604,8300000000002	9,587e-26
1605,1699999999998	9,445e-26
1605,52	9,404e-26
1605,86	9,464e-26
1606,21	9,422e-26
1606,5500000000002	9,274e-26
1606,9	9,334e-26
1607,24	9,182e-26
1607,59	9,136e-26
1607,93	9,301e-26
1608,28	9,146e-26
1608,6200000000001	9,096e-26
1608,97	9,046e-26
1609,31	9,213e-26
1609,66	9,052e-26
1610,0	8,998e-26
1610,34	8,943e-26
1610,69	8,889e-26
1611,0300000000002	9,171e-26
1611,38	9,003e-26
1611,72	8,945e-26
1612,07	8,888e-26
1612,41	8,828e-26
1612,76	8,768e-26
1613,1000000000001	8,823e-26
1613,45	8,762e-26
1613,79	8,817e-26
1614,1399999999999	8,754e-26
1614,48	8,689e-26
1614,83	8,623e-26
1615,17	8,677e-26
1615,52	8,733e-26
1615,8600000000001	8,541e-26
1616,21	8,596e-26
1616,55	8,524e-26
1616,8999999999999	8,453e-26
1617,24	8,506e-26
1617,59	8,561e-26
1617,93	8,486e-26
1618,28	8,411e-26
1618,62	8,594e-26
1618,97	8,387e-26
1619,31	8,44e-26
1619,66	8,228e-26
1620,0	8,28e-26
