8.5E-007	3.0000001202542E-026
8.51E-007	3.36948562007621E-026
8.52E-007	3.79662791575494E-026
8.53E-007	4.27945547132491E-026
8.54E-007	4.81599736711823E-026
8.55E-007	5.40428145087186E-026
8.56E-007	6.04233741921548E-026
8.57E-007	6.72819281173726E-026
8.58E-007	7.45987670876931E-026
8.59E-007	8.23541819064373E-026
8.6E-007	9.05284510509747E-026
8.61E-007	9.91018653246266E-026
8.62E-007	1.08054715530714E-025
8.63E-007	1.17367267820654E-025
8.64E-007	1.27019831486697E-025
8.65E-007	1.36992685006211E-025
8.66E-007	1.47266094530614E-025
8.67E-007	1.57820387841082E-025
8.68E-007	1.68635818763082E-025
8.69E-007	1.79692678099935E-025
8.7E-007	1.90971268980912E-025
8.71E-007	2.02451857557433E-025
8.72E-007	2.1411474695877E-025
8.73E-007	2.25940191010389E-025
8.74E-007	2.37908542145369E-025
8.75E-007	2.5000000488537E-025
8.76E-007	2.63098843001339E-025
8.77E-007	2.77993375056623E-025
8.78E-007	2.9452006032481E-025
8.79E-007	3.12515308775679E-025
8.8E-007	3.3181560433472E-025
8.81E-007	3.52257356971712E-025
8.82E-007	3.73677025960242E-025
8.83E-007	3.95911070573896E-025
8.84E-007	4.18795900782454E-025
8.85E-007	4.42167926555696E-025
8.86E-007	4.65863730426725E-025
8.87E-007	4.89719623757707E-025
8.88E-007	5.13572065822229E-025
8.89E-007	5.37257565197683E-025
8.9E-007	5.60612482550043E-025
8.91E-007	5.83473326456702E-025
8.92E-007	6.05676556191246E-025
8.93E-007	6.27058532419648E-025
8.94E-007	6.47455763719302E-025
8.95E-007	6.66704709363793E-025
8.96E-007	6.84641730019096E-025
8.97E-007	7.01103334262602E-025
8.98E-007	7.15925932064091E-025
8.99E-007	7.28946032000958E-025
9E-007	7.39999994739174E-025
9.01E-007	7.50113733885979E-025
9.02E-007	7.60309859693574E-025
9.03E-007	7.70420098270113E-025
9.04E-007	7.80276077116138E-025
9.05E-007	7.89709522339803E-025
9.06E-007	7.98552061441652E-025
9.07E-007	8.06635371226032E-025
9.08E-007	8.13791079193485E-025
9.09E-007	8.19850911452167E-025
9.1E-007	8.24646544806425E-025
9.11E-007	8.28009606756802E-025
9.12E-007	8.29771823411452E-025
9.13E-007	8.29771823411452E-025
9.14E-007	8.28009606756802E-025
9.15E-007	8.24646544806425E-025
9.16E-007	8.19850911452167E-025
9.17E-007	8.13791079193485E-025
9.18E-007	8.06635371226032E-025
9.19E-007	7.98552061441652E-025
9.2E-007	7.89709522339803E-025
9.21E-007	7.80276077116138E-025
9.22E-007	7.70420098270113E-025
9.23E-007	7.60309859693574E-025
9.24E-007	7.50113733885979E-025
9.25E-007	7.39999994739174E-025
9.26E-007	7.28479617990746E-025
9.27E-007	7.14137978822408E-025
9.28E-007	6.9725532007074E-025
9.29E-007	6.78111785964709E-025
9.3E-007	6.56987520733281E-025
9.31E-007	6.34162668605423E-025
9.32E-007	6.09917423113908E-025
9.33E-007	5.84531977791509E-025
9.34E-007	5.58286427563386E-025
9.35E-007	5.31460965962312E-025
9.36E-007	5.04335737217255E-025
9.37E-007	4.77190934860987E-025
9.38E-007	4.50306703122475E-025
9.39E-007	4.23963235534491E-025
9.4E-007	3.98440627022197E-025
9.41E-007	3.74019120422171E-025
9.42E-007	3.50978810659575E-025
9.43E-007	3.2959989126718E-025
9.44E-007	3.10162531125857E-025
9.45E-007	2.92946874464573E-025
9.46E-007	2.78233090164197E-025
9.47E-007	2.66301371757503E-025
9.48E-007	2.57431838821554E-025
9.49E-007	2.5190466023722E-025
9.5E-007	2.5000000488537E-025
9.51E-007	2.5000000488537E-025
9.52E-007	2.5000000488537E-025
9.53E-007	2.5000000488537E-025
9.54E-007	2.5000000488537E-025
9.55E-007	2.5000000488537E-025
9.56E-007	2.5000000488537E-025
9.57E-007	2.5000000488537E-025
9.58E-007	2.5000000488537E-025
9.59E-007	2.51959584677746E-025
9.6E-007	2.57880947195658E-025
9.61E-007	2.67828014824332E-025
9.62E-007	2.81864685297092E-025
9.63E-007	3.00054905651067E-025
9.64E-007	3.22462598271483E-025
9.65E-007	3.4915163623976E-025
9.66E-007	3.8018599124493E-025
9.67E-007	4.15629561020317E-025
9.68E-007	4.55546267951146E-025
9.69E-007	5.00000009770741E-025
9.7E-007	6.89868229339024E-025
9.71E-007	1.09247581687782E-024
9.72E-007	1.59755771790381E-024
9.73E-007	2.09484892723744E-024
9.74E-007	2.47408473552203E-024
9.75E-007	2.62499994036282E-024
9.76E-007	2.49685362782942E-024
9.77E-007	2.16553263928228E-024
9.78E-007	1.71071389830097E-024
9.79E-007	1.21207432846509E-024
9.8E-007	7.49290853354221E-025
9.81E-007	4.0204042119985E-025
9.82E-007	2.5000000488537E-025
9.83E-007	2.25434112087786E-025
9.84E-007	2.06612975572957E-025
9.85E-007	1.92222020272092E-025
9.86E-007	1.80946720420203E-025
9.87E-007	1.71472500948499E-025
9.88E-007	1.62562945647561E-025
9.89E-007	1.53889543254173E-025
9.9E-007	1.45537885176549E-025
9.91E-007	1.37572879876049E-025
9.92E-007	1.30059460465933E-025
9.93E-007	1.23062547733511E-025
9.94E-007	1.16647074792043E-025
9.95E-007	1.10877950102887E-025
9.96E-007	1.05820106779304E-025
9.97E-007	1.0153847177158E-025
9.98E-007	9.80979597040471E-026
9.99E-007	9.55634913640159E-026
1E-006	9.3999999864747E-026
1.001E-006	9.30573480608628E-026
1.002E-006	9.23118560165015E-026
1.003E-006	9.17181457406853E-026
1.004E-006	9.12308330794609E-026
1.005E-006	9.08045462048263E-026
1.006E-006	9.03938886368763E-026
1.007E-006	8.99534885476092E-026
1.008E-006	8.94379617830715E-026
1.009E-006	8.88019241893096E-026
1.01E-006	8.79999977753458E-026
1.011E-006	8.69385299605886E-026
1.012E-006	8.55858800271674E-026
1.013E-006	8.39897062671142E-026
1.014E-006	8.21976484835333E-026
1.015E-006	8.02573526425049E-026
1.016E-006	7.8216470873085E-026
1.017E-006	7.61226491413538E-026
1.018E-006	7.40235272504156E-026
1.019E-006	7.19667634923023E-026
1.02E-006	6.99999976701182E-026
1.021E-006	6.80804895465375E-026
1.022E-006	6.61285210293022E-026
1.023E-006	6.41363144429247E-026
1.024E-006	6.20960736229903E-026
1.025E-006	6.0000002405084E-026
1.026E-006	5.78087255366789E-026
1.027E-006	5.55026201027576E-026
1.028E-006	5.31034968747541E-026
1.029E-006	5.06331758685666E-026
1.03E-006	4.81134678556292E-026
1.031E-006	4.55661959333277E-026
1.032E-006	4.30131708730964E-026
1.033E-006	4.04762126908331E-026
1.034E-006	3.79771414024357E-026
1.035E-006	3.55377677793386E-026
1.036E-006	3.31799118374396E-026
1.037E-006	3.09253905111487E-026
1.038E-006	2.87960207348759E-026
1.039E-006	2.68136194430313E-026
1.04E-006	2.5000000488537E-026
1.041E-006	2.32892647116719E-026
1.042E-006	2.16214263280161E-026
1.043E-006	2.00271815793951E-026
1.044E-006	1.8537220544659E-026
1.045E-006	1.7182242547121E-026
1.046E-006	1.59929376656312E-026
1.047E-006	1.5000000601271E-026
1.048E-006	1.41360915987211E-026
1.049E-006	1.33126117175637E-026
1.05E-006	1.25283653404895E-026
1.051E-006	1.17821599316767E-026
1.052E-006	1.1072802184932E-026
1.053E-006	1.03990957125738E-026
1.054E-006	9.75985028989653E-027
1.055E-006	9.15386952921871E-027
1.056E-006	8.5799601243468E-027
1.057E-006	8.03692876908727E-027
1.058E-006	7.52358061650261E-027
1.059E-006	7.03872313077125E-027
1.06E-006	6.58116146495571E-027
1.061E-006	6.14970231286244E-027
1.062E-006	5.74315159792591E-027
1.063E-006	5.36031524358062E-027
1.064E-006	4.99999994363301E-027
1.065E-006	4.65069903703735E-027
1.066E-006	4.30331866778224E-027
1.067E-006	3.96028473722562E-027
1.068E-006	3.62402276153945E-027
1.069E-006	3.2969582568957E-027
1.07E-006	2.98151693205932E-027
1.071E-006	2.68012430320227E-027
1.072E-006	2.39520588649652E-027
1.073E-006	2.12918719811402E-027
1.074E-006	1.88449394681973E-027
1.075E-006	1.66355164878562E-027
1.076E-006	1.46878591648013E-027
1.077E-006	1.30262226607524E-027
1.078E-006	1.1674864063359E-027
1.079E-006	1.06580375713757E-027
1.08E-006	1.0000000272452E-027
1.081E-006	9.53552759962403E-028
1.082E-006	9.08317672986602E-028
1.083E-006	8.6428677370853E-028
1.084E-006	8.21452454704905E-028
1.085E-006	7.7980701225595E-028
1.086E-006	7.39342598197142E-028
1.087E-006	7.00051556956953E-028
1.088E-006	6.61926136667355E-028
1.089E-006	6.24958585460322E-028
1.09E-006	5.89141199616078E-028
1.091E-006	5.54466179118347E-028
1.092E-006	5.20925820247351E-028
1.093E-006	4.88512419283314E-028
1.094E-006	4.5721817620996E-028
1.095E-006	4.27035435455761E-028
1.096E-006	3.97956348856193E-028
1.097E-006	3.69973260839727E-028
1.098E-006	3.43078419538337E-028
1.099E-006	3.17264073083997E-028
1.1E-006	2.92522517756929E-028
1.101E-006	2.68845953540859E-028
1.102E-006	2.46226700790133E-028
1.103E-006	2.246569835626E-028
1.104E-006	2.04129098138484E-028
1.105E-006	1.84635292649759E-028
1.106E-006	1.66167815228397E-028
1.107E-006	1.48718950117559E-028
1.108E-006	1.3228094544922E-028
1.109E-006	1.16846085466539E-028
1.11E-006	1.02406594227365E-028
1.111E-006	8.89547740304537E-029
1.112E-006	7.64828609707151E-029
1.113E-006	6.49831332727789E-029
1.114E-006	5.444784508715E-029
1.115E-006	4.4869265610661E-029
1.116E-006	3.62396489938168E-029
1.117E-006	2.85512674427156E-029
1.118E-006	2.17963751078623E-029
1.119E-006	1.59672396814566E-029
1.12E-006	1.10561220848511E-029
1.121E-006	7.05528474403084E-030
1.122E-006	3.95699158961371E-030
1.123E-006	1.7535046714267E-030
1.124E-006	4.37086650553823E-031
1.125E-006	0
